[-0.09578099  0.1112612  -0.11500623  0.10845409 -0.11800561  0.11446937
  0.11194763  0.09253786 -0.11028421 -0.10995334 -0.10171472 -0.08478954
 -0.09413761 -0.07762301  0.05021383  0.07675454]
[-0.12027195  0.13539237 -0.1005055   0.09846421 -0.09802368  0.10440605
  0.08446379  0.10747625 -0.09698578 -0.11582809 -0.10752702 -0.11483798
 -0.0885153  -0.06050785  0.06292663  0.08808165]
[-0.1389676   0.13057957 -0.13647215  0.11004556 -0.11524085  0.09438787
  0.11957436  0.11521597 -0.1276844  -0.12193545 -0.11387303 -0.14512566
 -0.09105921 -0.08100556  0.09609092  0.1338365 ]
[-0.0540274   0.0862269  -0.0812388   0.09654939 -0.0892955   0.10529504
  0.07577606  0.04608176 -0.07784949 -0.0594505  -0.0643936  -0.04732364
 -0.09460645 -0.09620324  0.08079662  0.05945825]
[-0.07916158  0.0996807  -0.04791331  0.07216627 -0.08349601  0.07978377
  0.0540096   0.0883897  -0.08116686 -0.06741681 -0.06859909 -0.05991037
 -0.0706314  -0.08861985  0.08134042  0.08153715]
[-0.09561928  0.07980541 -0.07965089  0.07188245 -0.08247328  0.07898329
  0.07630342  0.12119613 -0.08826922 -0.06969472 -0.08816923 -0.08294408
 -0.08779746 -0.09363843  0.09340365  0.1270094 ]
[-0.04416195  0.104182   -0.08774493  0.08050287 -0.05309073  0.10344249
  0.09635273  0.04700677 -0.07077183 -0.06063984 -0.11228411 -0.08147925
 -0.08421647 -0.08778852  0.09234564  0.06438288]
[-0.04833402  0.1049506  -0.08014907  0.06963168 -0.06899831  0.07694638
  0.06068091  0.09224342 -0.08664456 -0.09974444 -0.0853926  -0.07905611
 -0.07244546 -0.09022042  0.08591249  0.08378828]
[-0.09164431  0.09157995 -0.11033364  0.0749444  -0.06523236  0.05123332
  0.0835261   0.11814377 -0.07763286 -0.10435848 -0.07613301 -0.11097754
 -0.09146736 -0.08893124  0.09197123  0.12686933]
