[-0.14564462  0.14456791 -0.17521123 -0.12682621  0.17238404  0.16519408
  0.18043279 -0.17335383 -0.17574534  0.14543651 -0.14298458  0.18779408
  0.16452243 -0.1794363   0.18300421  0.15686091]
[-0.06264458  0.05897185 -0.08916125 -0.04851674  0.09669417  0.08628237
  0.0728315  -0.10175449 -0.10981164  0.06000518 -0.08873716  0.10102155
  0.06703732 -0.07502461  0.09377089  0.04622865]
[-0.15960315  0.13126763 -0.14762265 -0.12606451  0.16597503  0.16169035
  0.16634458 -0.15917228 -0.15930725  0.16298228 -0.15514132  0.19084687
  0.12882428 -0.148055    0.17123189  0.12500675]
[-0.01910417  0.0271734  -0.05469402 -0.03966427  0.06140394  0.05519034
  0.08758703 -0.04265813 -0.04276796  0.01666906 -0.01916417  0.06803825
  0.02232747 -0.03421873  0.07376292  0.05074367]
[ 0.05446684 -0.06821062  0.0645224   0.04146166 -0.00233762 -0.02581452
 -0.03212193  0.03274533  0.03583842 -0.07619193  0.04847426 -0.04413092
 -0.05263622  0.06204613 -0.01578162 -0.03372523]
[-0.01320802  0.03375851 -0.00110072 -0.01976277  0.08868734  0.04214711
  0.05187088 -0.0299875  -0.05256562  0.05651611 -0.03419901  0.02400129
  0.01948646 -0.02749672  0.05076382  0.03830698]
[-0.10945857  0.11719137 -0.10001262 -0.14808953  0.10489933  0.15601385
  0.16049508 -0.13227223 -0.11208926  0.07930146 -0.0934898   0.20903055
  0.11096989 -0.15664674  0.13679316  0.13711552]
[-0.04605425  0.01486209 -0.00929099 -0.02377481  0.08527971  0.07603493
  0.07582628 -0.06729669 -0.04651002  0.0110075  -0.02658041  0.07748426
  0.04621018 -0.07083102  0.06974168  0.0549507 ]
[-0.11258231  0.09241276 -0.0796382  -0.10870504  0.18699522  0.15267476
  0.1601631  -0.12532861 -0.10976628  0.12593052 -0.12478649  0.15691912
  0.11954768 -0.13342135  0.13927538  0.15408031]
